MD5Version 10 // Parameters used during export: Reorient: False; Scale: 1.0
commandline ""

numFrames 26
numJoints 28
frameRate 24
numAnimatedComponents 168

hierarchy {
  "origin" -1 63 0 //
  "UnderBat" 0 63 6 //
  "UpperBat" 1 63 12 //
  "ArmIK.R" 0 63 18 //
  "HandIK.R" 0 63 24 //
  "LegIK.R" 0 63 30 //
  "Foot.R" 5 63 36 //
  "Elbow.R" 0 63 42 //
  "Knee.R" 0 63 48 //
  "ArmIK.L" 0 63 54 //
  "HandIK.L" 0 63 60 //
  "LegIK.L" 0 63 66 //
  "Foot.L" 11 63 72 //
  "Elbow.L" 0 63 78 //
  "Knee.L" 0 63 84 //
  "Stomach" 0 63 90 //
  "Chest" 15 63 96 //
  "Head" 16 63 102 //
  "UpperArm.R" 0 63 108 //
  "LowerArm.R" 18 63 114 //
  "Hand.R" 19 63 120 //
  "UpperLeg.R" 0 63 126 //
  "LowerLeg.R" 21 63 132 //
  "UpperArm.L" 0 63 138 //
  "LowerArm.L" 23 63 144 //
  "Hand.L" 24 63 150 //
  "UpperLeg.L" 0 63 156 //
  "LowerLeg.L" 26 63 162 //
}

bounds {
  ( -1.8700696230 -1.4795593023 3.4029827118 ) ( 1.8707858324 2.0582768917 7.6810364723 )
  ( -1.8700696230 -1.4795593023 3.4029827118 ) ( 1.8707858324 2.0582768917 7.6804757118 )
  ( -1.8700696230 -1.4934866428 3.4029827118 ) ( 1.8707858324 1.9110049009 7.6349391937 )
  ( -1.8549412489 -1.4934866428 3.4029827118 ) ( 1.8406295776 1.9110049009 7.5576925278 )
  ( -1.8760200739 -1.5033836365 3.3431947231 ) ( 1.8588093519 1.8025521040 7.5969986916 )
  ( -1.7143976688 -1.5033836365 3.4491672516 ) ( 1.6736459732 1.8025521040 7.5881199837 )
  ( -1.7478247881 -1.5033836365 3.6117455959 ) ( 1.6913158894 2.2245361805 7.4387779236 )
  ( -1.5530416965 -1.7307806015 3.9133455753 ) ( 1.4649472237 2.2526662350 7.3766031265 )
  ( -1.5772936344 -1.5995891094 3.5971555710 ) ( 1.5678622723 2.4525380135 6.5922164917 )
  ( -1.4388374090 -1.7310521603 3.3783113956 ) ( 1.4383463860 2.6165599823 6.5974874496 )
  ( -1.4487354755 -1.0326086283 3.2920463085 ) ( 1.4436329603 2.7603020668 6.9333586693 )
  ( -1.4556559324 -0.5174189210 3.2869772911 ) ( 1.4352785349 2.8187828064 7.2048387527 )
  ( -1.4695421457 -0.3638656437 3.4525301456 ) ( 1.4291588068 2.8434014320 7.4341259003 )
  ( -1.3200076818 -0.8714638948 4.1565885544 ) ( 1.4849632978 2.1908221245 8.1111373901 )
  ( -1.5252144337 -1.3085167408 3.9972510338 ) ( 1.6413375139 1.7020431757 8.2093925476 )
  ( -1.3825356960 -1.7575148344 3.7561252117 ) ( 1.4715462923 1.2584192753 8.0194072723 )
  ( -1.4636846781 -2.2464632988 3.6500444412 ) ( 1.5272819996 1.2314805984 8.0462551117 )
  ( -1.5464619398 -2.1897547245 3.6103503704 ) ( 1.4463397264 1.4302375317 7.5326933861 )
  ( -1.4483275414 -2.1698713303 3.6460933685 ) ( 1.3137503862 1.5074971914 7.0753493309 )
  ( -1.4819847345 -2.5403676033 4.0253658295 ) ( 1.3210585117 1.3635715246 7.4669132233 )
  ( -1.4023164511 -2.6030058861 3.8454368114 ) ( 1.3238133192 1.3667807579 7.4173488617 )
  ( -1.4067392349 -2.8358051777 4.1973910332 ) ( 1.2457439899 0.9710558057 7.6831545830 )
  ( -1.3933653831 -2.9412105083 3.9351129532 ) ( 1.3851418495 0.9710558057 7.5731081963 )
  ( -1.3522231579 -2.5077433586 3.4173183441 ) ( 1.4504232407 0.9710558057 7.3379745483 )
  ( -1.3612627983 -1.3960374594 3.3568580151 ) ( 1.4464789629 1.8514504433 7.8352141380 )
  ( -1.8249301910 -1.1548731327 3.3818290234 ) ( 1.9354852438 2.5326271057 7.7531089783 )
}

baseframe {
  ( 0.0000000000 0.0000001961 -1.4593671560 ) ( -0.9999803305 -0.0000000000 0.0000000000 )
  ( -1.7921937704 -0.5273138881 -7.1647968292 ) ( -0.0039612269 -0.7071469426 -0.0049107457 )
  ( 4.8478546143 1.0739066601 0.0007840440 ) ( -0.0006709166 0.0000413865 -0.0000001483 )
  ( -1.5728640556 0.0547729172 -7.1756749153 ) ( 0.7092318535 0.0044223941 -0.7049474120 )
  ( -1.9596347809 0.0515796021 -7.1575341225 ) ( 0.7070877552 0.0007141172 -0.7070783973 )
  ( -0.3605268598 0.1578176171 -5.0626182556 ) ( -0.0101386840 0.1198017746 0.9926657677 )
  ( 0.0812342241 -1.2132544518 -4.6928796768 ) ( -0.9713230133 0.0266985949 0.0000470845 )
  ( -1.0700830221 1.4363100529 -7.1583518982 ) ( 0.7026568055 0.0000000848 -0.0000000838 )
  ( -0.3415237963 1.4365980625 -5.5066871643 ) ( 0.7026569247 -0.0000000000 0.0000000000 )
  ( 1.5357538462 0.0834380463 -7.1541314125 ) ( 0.7092318535 -0.0044223941 0.7049474120 )
  ( 1.9255408049 0.0891523734 -7.1594557762 ) ( 0.7070877552 -0.0007141182 0.7070783973 )
  ( 0.3082402050 0.0871385708 -5.0649409294 ) ( -0.0101387063 -0.1198019013 -0.9926658273 )
  ( -0.0812350735 -1.2132564783 -4.6928730011 ) ( -0.9713231325 -0.0266984571 -0.0000463363 )
  ( 1.3399412632 1.6558246613 -6.0345249176 ) ( 0.7026569247 -0.0000000848 0.0000000838 )
  ( 0.3415237963 1.4365980625 -5.5066871643 ) ( 0.7026569247 -0.0000000000 0.0000000000 )
  ( -0.0021215449 0.1615350395 -6.1576766968 ) ( 0.7026567459 -0.0000000000 0.0000000000 )
  ( -0.0000000002 5.3518509865 0.0000005752 ) ( 0.0955908522 0.0000247545 -0.0002985713 )
  ( 0.0029045478 5.4335632324 0.9225773811 ) ( -0.1067233682 0.0001473355 -0.0016927290 )
  ( -0.5829768181 0.0774535015 -7.1612744331 ) ( 0.0026924110 0.0074954662 -0.7160475254 )
  ( 0.0287728328 0.5410229564 -4.8472824097 ) ( -0.0001144066 -0.0713133663 0.0025160550 )
  ( 0.7177284956 0.5481097102 -4.7939262390 ) ( -0.0283975173 -0.0154216746 0.0011639125 )
  ( -0.3269198835 0.0833438411 -6.3011584282 ) ( -0.4774946570 -0.5083626509 -0.4910613000 )
  ( 0.3598724604 -4.0835361481 -0.1314755082 ) ( 0.0017025626 -0.7962597609 -0.0013862047 )
  ( 0.5829768181 0.0774535015 -7.1612744331 ) ( -0.1378357857 -0.1324235201 0.6925022602 )
  ( 1.7620965242 0.4319716990 -4.5160908699 ) ( -0.0009361710 0.7867227197 -0.0033517471 )
  ( -4.8057184219 0.4469918907 -0.6369938254 ) ( -0.0010230999 0.0005785177 -0.0103546912 )
  ( 0.3269198835 0.0833438411 -6.3011584282 ) ( -0.5002918243 0.5072664022 0.4973227978 )
  ( -0.0831961557 -4.0974154472 0.0743505806 ) ( 0.0001807991 0.0329100415 0.0021501107 )
}

frame 0 {
  0.0000000000 0.0000001961 -1.4593671560 -0.9999803305 -0.0000000000 0.0000000000
  -0.9155699015 1.4020607471 -6.9306902885 -0.6972257495 0.1065400690 0.6990342140
  4.5844397545 -0.5021538138 -0.0254156049 -0.0006709161 0.0000413865 -0.0000001658
  -1.5530904531 0.0479501747 -6.6319427490 0.7092318535 0.0044223941 -0.7049474120
  -1.9596347809 0.0395467579 -6.1985878944 0.7070877552 0.0007141172 -0.7070783973
  -0.3605268598 0.1578176171 -5.0626182556 -0.0101386840 0.1198017746 0.9926657677
  0.0812342241 -1.2132544518 -4.6928796768 -0.9713230133 0.0266985949 0.0000470845
  -0.9010072947 2.4065928459 -6.0577554703 0.7026568055 0.0000000848 -0.0000000838
  -0.3415237963 1.4365980625 -5.5066871643 0.7026569247 -0.0000000000 0.0000000000
  1.5555274487 0.0766153038 -6.6103987694 0.7092318535 -0.0044223941 0.7049474120
  1.9255408049 0.0771195367 -6.2005095482 0.7070877552 -0.0007141182 0.7070783973
  0.3082402050 0.0871385708 -5.0649409294 -0.0101387063 -0.1198019013 -0.9926658273
  -0.0812350735 -1.2132564783 -4.6928730011 -0.9713231325 -0.0266984571 -0.0000463363
  1.4974818230 2.9289801121 -5.6044168472 0.7026569247 -0.0000000848 0.0000000838
  0.3415237963 1.4365980625 -5.5066871643 0.7026569247 -0.0000000000 0.0000000000
  -0.0021215449 0.1615350395 -6.1576766968 0.7026567459 -0.0000000000 0.0000000000
  -0.0000000002 5.3518509865 0.0000005752 0.0718513802 -0.0105061699 -0.0014767241
  0.0069609350 5.4720826149 0.6949611306 -0.1067233533 0.0001473355 -0.0016927290
  -0.5829768181 0.0774535015 -7.1612744331 -0.2901556790 -0.0574765280 -0.6552397609
  -1.3984482288 -1.8498005867 -4.0191783905 -0.0000170264 -0.0713135898 0.0003747349
  -0.8107089996 -1.8444610834 -4.1770443916 -0.1200474128 0.0826787353 0.0384112112
  -0.3269198835 0.0833438411 -6.3011584282 -0.4794127345 -0.5063978434 -0.4899789691
  0.3515672684 -4.0840954781 -0.1333852410 0.0001673366 -0.7962616086 -0.0001362231
  0.5829768181 0.0774535015 -7.1612744331 -0.2828591764 0.0736151636 0.6486238837
  1.2191920280 -1.9178466797 -4.0376210213 -0.0001895203 0.7867273688 -0.0006785417
  -4.2130298615 -1.9095541239 -0.2206135243 -0.0456407145 -0.3023052812 0.1146151200
  0.3269198835 0.0833438411 -6.3011584282 -0.4980478585 0.5094462037 0.5003338456
  -0.0750175416 -4.0975432396 0.0747543871 0.0000170825 0.0329101160 0.0002031566
}

frame 1 {
  0.0000000000 0.0000001961 -1.4593671560 -0.9999803305 -0.0000000000 0.0000000000
  -0.9155699015 1.4020607471 -6.9306902885 -0.6972257495 0.1065400690 0.6990342140
  4.5844397545 -0.5021538138 -0.0254156049 -0.0006709161 0.0000413865 -0.0000001658
  -1.5530904531 0.0479501747 -6.6319427490 0.7092318535 0.0044223941 -0.7049474120
  -1.9596347809 0.0395467579 -6.1985878944 0.7070877552 0.0007141172 -0.7070783973
  -0.3605268598 0.1578176171 -5.0626182556 -0.0101386840 0.1198017746 0.9926657677
  0.0812342241 -1.2132544518 -4.6928796768 -0.9713230133 0.0266985949 0.0000470845
  -0.9010072947 2.4065928459 -6.0577554703 0.7026568055 0.0000000848 -0.0000000838
  -0.3415237963 1.4365980625 -5.5066871643 0.7026569247 -0.0000000000 0.0000000000
  1.5555274487 0.0766153038 -6.6103987694 0.7092318535 -0.0044223941 0.7049474120
  1.9255408049 0.0771195367 -6.2005095482 0.7070877552 -0.0007141182 0.7070783973
  0.3082402050 0.0871385708 -5.0649409294 -0.0101387063 -0.1198019013 -0.9926658273
  -0.0812350735 -1.2132564783 -4.6928730011 -0.9713231325 -0.0266984571 -0.0000463363
  1.4974818230 2.9289801121 -5.6044168472 0.7026569247 -0.0000000848 0.0000000838
  0.3415237963 1.4365980625 -5.5066871643 0.7026569247 -0.0000000000 0.0000000000
  -0.0021215449 0.1615350395 -6.1576766968 0.6779970527 -0.0000000000 0.0000000000
  -0.0000000000 5.3405871391 -0.3302725554 0.0718513876 -0.0105061699 -0.0014767243
  0.0139363343 5.5082612038 0.3665564954 -0.1067233756 0.0001473353 -0.0016927290
  -0.5829768181 0.0774535015 -7.1612744331 -0.2901556790 -0.0574765280 -0.6552397609
  -1.3984482288 -1.8498005867 -4.0191783905 -0.0000170264 -0.0713135898 0.0003747349
  -0.8107089996 -1.8444610834 -4.1770443916 -0.1200474128 0.0826787353 0.0384112112
  -0.3407558799 -0.0812125131 -6.2447576523 -0.4011330605 -0.5721567869 -0.4065292776
  1.7410959005 -3.7738149166 -0.1141401306 0.1539803147 -0.7804065347 -0.1253692359
  0.5829768181 0.0774535015 -7.1612744331 -0.2828591764 0.0736151636 0.6486238837
  1.2191920280 -1.9178466797 -4.0376210213 -0.0001895203 0.7867273688 -0.0006785417
  -4.2130298615 -1.9095541239 -0.2206135243 -0.0456407145 -0.3023052812 0.1146151200
  0.3130838871 -0.0812125430 -6.2447576523 -0.4060828388 0.5861959457 0.4105905294
  -1.6702028513 -3.8011291027 0.0838943869 0.0211131442 0.0318482928 0.2510820925
}

frame 2 {
  0.0000000000 0.0000001961 -1.4593671560 -0.9999803305 -0.0000000000 0.0000000000
  -0.9155699015 1.4020607471 -6.9306902885 -0.6862839460 0.1481220424 0.6942449808
  4.3659005165 -1.0322288275 -0.0693003312 -0.0006709165 0.0000413865 -0.0000001500
  -1.5530904531 0.0479501747 -6.6319427490 0.7092318535 0.0044223941 -0.7049474120
  -1.9596347809 0.0395467579 -6.1985878944 0.7070877552 0.0007141172 -0.7070783973
  -0.3605268598 0.1578176171 -5.0626182556 -0.0101386840 0.1198017746 0.9926657677
  0.0812342241 -1.2132544518 -4.6928796768 -0.9713230133 0.0266985949 0.0000470845
  -0.9010072947 2.4065928459 -6.0577554703 0.7026568055 0.0000000848 -0.0000000838
  -0.3415237963 1.4365980625 -5.5066871643 0.7026569247 -0.0000000000 0.0000000000
  1.5555274487 0.0766153038 -6.6103987694 0.7092318535 -0.0044223941 0.7049474120
  1.9255408049 0.0771195367 -6.2005095482 0.7070877552 -0.0007141182 0.7070783973
  0.3082402050 0.0871385708 -5.0649409294 -0.0101387063 -0.1198019013 -0.9926658273
  -0.0812350735 -1.2132564783 -4.6928730011 -0.9713231325 -0.0266984571 -0.0000463363
  1.4974818230 2.9289801121 -5.6044168472 0.7026569247 -0.0000000848 0.0000000838
  0.3415237963 1.4365980625 -5.5066871643 0.7026569247 -0.0000000000 0.0000000000
  -0.0089636808 0.1909230947 -6.1168732643 0.6779970527 -0.0000000000 0.0000000000
  -0.0000000000 5.3405871391 -0.3302725852 0.1245293766 -0.0218193214 -0.0016996679
  0.0044625825 5.4424343109 0.8755720854 -0.1067233756 0.0001473360 -0.0016927290
  -0.5829768181 0.0774535015 -7.1612744331 -0.2901556790 -0.0574765280 -0.6552397609
  -1.3984482288 -1.8498005867 -4.0191783905 -0.0000170264 -0.0713135898 0.0003747349
  -0.8107089996 -1.8444610834 -4.1770443916 -0.1200474128 0.0826787353 0.0384112112
  -0.3452095091 -0.0927091911 -6.1839017868 -0.3558123410 -0.6008439660 -0.3610615730
  2.4080340862 -3.4566228390 -0.1204274967 0.2827908993 -0.7414287925 -0.2302456200
  0.5829768181 0.0774535015 -7.1612744331 -0.2828591764 0.0736151636 0.6486238837
  1.2191920280 -1.9178466797 -4.0376210213 -0.0001895203 0.7867273688 -0.0006785417
  -4.2130298615 -1.9095541239 -0.2206135243 -0.0456407145 -0.3023052812 0.1146151200
  0.3086302578 -0.0927092209 -6.1839017868 -0.3667927682 0.6124446392 0.3707667291
  -2.2629616261 -3.5370774269 0.0944319516 0.0332944281 0.0302006435 0.3959445655
}

frame 3 {
  0.0000000000 0.0000001961 -1.4593671560 -0.9999803305 -0.0000000000 0.0000000000
  -0.9155699015 1.4020607471 -6.9306902885 -0.6862839460 0.1481220424 0.6942449808
  4.3659005165 -1.0322288275 -0.0693003312 -0.0006709165 0.0000413865 -0.0000001500
  -1.6077550650 0.0450146534 -6.4588475227 0.7092318535 0.0044223941 -0.7049474120
  -1.9596347809 0.0395467579 -6.1985878944 0.7070877552 0.0007141172 -0.7070783973
  -0.3605268598 0.1578176171 -5.0626182556 -0.0101386840 0.1198017746 0.9926657677
  0.0812342241 -1.2132544518 -4.6928796768 -0.9713230133 0.0266985949 0.0000470845
  -0.9010072947 2.4065928459 -6.0577554703 0.7026568055 0.0000000848 -0.0000000838
  -0.3415237963 1.4365980625 -5.5066871643 0.7026569247 -0.0000000000 0.0000000000
  1.5008628368 0.0736797825 -6.4373040199 0.7092318535 -0.0044223941 0.7049474120
  1.9255408049 0.0771195367 -6.2005095482 0.7070877552 -0.0007141182 0.7070783973
  0.3087696731 0.1766416728 -5.1998596191 -0.0101387063 -0.1198019013 -0.9926658273
  -0.0812350437 -1.2132563591 -4.6928725243 -0.9713231325 -0.0266984571 -0.0000463363
  1.4974818230 2.9289801121 -5.6044168472 0.7026569247 -0.0000000848 0.0000000838
  0.3415237963 1.4365980625 -5.5066871643 0.7026569247 -0.0000000000 0.0000000000
  -0.0330875143 0.1301197112 -6.0901226997 0.6992996931 -0.0102400202 -0.0030910096
  0.0913113654 5.3507857323 -0.0446250848 0.1683623642 -0.0247129854 -0.0055485442
  0.1061185747 5.2590594292 1.5717709064 -0.1067233682 0.0001473345 -0.0016927288
  -0.5829768181 0.0774535015 -7.1612744331 -0.3122432530 -0.1041244492 -0.6447845697
  -1.1974054575 -2.2685391903 -3.8151814938 -0.0000171143 -0.0713135898 0.0003761728
  -0.6404125690 -2.2630562782 -3.9464826584 -0.0093024615 0.1111447811 0.0066421148
  -0.3452095091 -0.0927091911 -6.1839017868 -0.3558123410 -0.6008439660 -0.3610615730
  2.4080340862 -3.4566228390 -0.1204274967 0.2827908993 -0.7414287925 -0.2302456200
  0.5829768181 0.0774535015 -7.1612744331 -0.3062022030 0.1548407972 0.6389005780
  0.8037688732 -2.5309939384 -3.7196469307 -0.0001897258 0.7867274284 -0.0006792273
  -3.8056948185 -2.5224919319 0.1080465466 0.0124914413 -0.2984077334 -0.0534796119
  0.3086302578 -0.0927092209 -6.1839017868 -0.2899327576 0.6552636623 0.2907720804
  -3.2561764717 -2.8399739265 0.1310300678 0.0479162671 0.0269982535 0.5698305964
}

frame 4 {
  -0.0019643402 -0.0001372176 -1.3653613329 -0.9999803305 -0.0000000000 0.0000000000
  -0.9155699015 1.4020608664 -6.9306902885 -0.6778797507 0.1728004515 0.6910572052
  4.2074937820 -1.3319191933 -0.1034178808 -0.0006709173 0.0000413862 -0.0000001470
  -1.6077550650 0.0450146571 -6.4588479996 0.7092318535 0.0044223941 -0.7049474120
  -1.9596347809 0.0395467579 -6.1985878944 0.7070877552 0.0007141172 -0.7070783973
  -0.3605268598 0.1578176022 -5.0626182556 0.0012948666 0.0415438637 -0.9987680316
  0.0049201366 0.3420836031 -4.8357686996 -0.9713230133 0.0266985912 0.0000470852
  -0.9010072947 2.4065928459 -6.0577554703 0.7026568055 0.0000000848 -0.0000000838
  -0.3415237963 1.4365980625 -5.5066871643 0.7026569247 -0.0000000000 0.0000000000
  1.5008628368 0.0736797825 -6.4373040199 0.7092318535 -0.0044223941 0.7049474120
  1.9255408049 0.0771195292 -6.2005095482 0.7070877552 -0.0007141182 0.7070783973
  0.3087696433 0.3264209628 -5.3166313171 -0.0101387063 -0.1198019013 -0.9926658273
  -0.0812350437 -1.2132563591 -4.6928730011 -0.9713231325 -0.0266984571 -0.0000463363
  1.4974818230 2.9289798737 -5.6044173241 0.7026569247 -0.0000000848 0.0000000838
  0.3415237963 1.4365980625 -5.5066871643 0.7026569247 -0.0000000000 0.0000000000
  -0.0330875143 0.1301197112 -6.0901226997 0.7354798317 -0.0103867482 -0.0025549720
  0.0857190266 5.3293604851 0.4584830403 0.1683623344 -0.0247129854 -0.0055485438
  0.0750338882 5.0721607208 2.0383653641 -0.1067233831 0.0001473358 -0.0016927295
  -0.5829768181 -0.0121411448 -7.1129608154 -0.2882945538 -0.0989743322 -0.6273736358
  -1.0077487230 -2.1296975613 -3.9642968178 -0.0000170822 -0.0713135749 0.0003759422
  -0.4315764606 -2.1240680218 -4.0671133995 -0.0253653564 0.1055022106 -0.0126070427
  -0.3452095091 -0.0927092209 -6.1839017868 -0.3558121920 -0.6008440256 -0.3610614240
  2.4080357552 -3.4566216469 -0.1204275265 0.2827913463 -0.7414286137 -0.2302459478
  0.5829768181 -0.0121411374 -7.1129608154 -0.2866246700 0.1455594897 0.6169619560
  0.6417124271 -2.3899471760 -3.8597085476 -0.0001895964 0.7867273688 -0.0006788690
  -3.9031083584 -2.3811457157 0.2985830605 0.0367189348 -0.2990670204 -0.0358125865
  0.3086302578 -0.0927092507 -6.1839017868 -0.2119257599 0.6865914464 0.2121069878
  -4.0078196526 -1.9736824036 0.1588636190 0.0533609428 0.0253741145 0.6345799565
}

frame 5 {
  -0.0019643402 -0.0001372176 -1.2467194796 -0.9999803305 -0.0000000000 0.0000000000
  -0.9155699015 1.4020608664 -6.9306902885 -0.6778797507 0.1728004515 0.6910572052
  4.2074942589 -1.3319190741 -0.1034179032 -0.0006709173 0.0000413862 -0.0000001470
  -1.6077550650 -0.2128908038 -6.3928704262 0.7092318535 0.0044223941 -0.7049474120
  -1.8172881603 -0.1883321702 -5.6644034386 0.7070877552 0.0007141172 -0.7070783973
  -0.3824526072 0.1830189675 -5.1869878769 -0.0101056891 0.2394184172 -0.9689646363
  -0.2289619148 2.1897604465 -4.3190546036 -0.9713230133 0.0266985893 0.0000470854
  -0.9010072947 2.4065928459 -6.0577554703 0.7026568055 0.0000000848 -0.0000000838
  -0.3415237963 1.4365980625 -5.5066871643 0.7026569247 -0.0000000000 0.0000000000
  1.5008628368 -0.1842256784 -6.3713269234 0.7092318535 -0.0044223941 0.7049474120
  1.7695157528 -0.2156176716 -5.5275373459 0.7070877552 -0.0007141182 0.7070783973
  0.2965899706 0.3949886560 -5.3737435341 -0.0237987041 0.0806801096 -0.9955344796
  -0.2582528293 0.7089981437 -4.7887654305 -0.9713231325 -0.0266984608 -0.0000463371
  1.4974818230 2.9289798737 -5.6044168472 0.7026569247 -0.0000000848 0.0000000838
  0.3415237963 1.4365980625 -5.5066871643 0.7026569247 -0.0000000000 0.0000000000
  -0.0330875143 0.1301197410 -6.0901222229 0.7821896672 -0.0105432868 -0.0018031815
  0.0764831230 5.2142066956 1.1444506645 0.1683623642 -0.0247129854 -0.0055485438
  0.0308176503 4.7362976074 2.6459333897 -0.0463822372 0.0065701120 0.0237170476
  -0.5829768181 -0.1317660511 -7.0353608131 -0.2877095044 -0.1054965258 -0.6714740396
  -1.1240863800 -2.1005003452 -3.9520542622 -0.0000170936 -0.0713135749 0.0003758958
  -0.5484944582 -2.0949585438 -4.0715479851 -0.2635101378 0.0430248976 0.0739746988
  -0.3452095091 -0.0927092209 -6.1839017868 -0.2908961773 -0.6222888827 -0.2980745435
  3.2040550709 -2.8786320686 -0.2736674845 0.4289493561 -0.6633531451 -0.3492464125
  0.5829768181 -0.1317660511 -7.0353608131 -0.2894320488 0.1473002285 0.6630913615
  0.8379484415 -2.3699157238 -3.8368287086 -0.0001895929 0.7867273688 -0.0006787576
  -3.9275550842 -2.3613567352 0.1025109589 -0.0708199143 -0.2987652123 0.2527656555
  0.3086302578 -0.0927092507 -6.1839017868 -0.1740923077 0.7055595517 0.1772999614
  -4.2696704865 -1.5304589272 0.2738062441 0.0548685938 0.0248731878 0.6525092125
}

frame 6 {
  -0.0019643402 -0.0001372176 -1.2467194796 -0.9999803305 -0.0000000000 0.0000000000
  -0.9155699015 1.4020608664 -6.9306902885 -0.6778797507 0.1728004515 0.6910572052
  4.2074942589 -1.3319190741 -0.1034179032 -0.0006709173 0.0000413862 -0.0000001470
  -1.6077550650 -0.2128908038 -6.3928704262 0.7092318535 0.0044223941 -0.7049474120
  -1.8172881603 -0.1883321702 -5.6644034386 0.7070877552 0.0007141172 -0.7070783973
  -0.4291654229 0.3935514688 -5.3469371796 -0.0101056891 0.2394184172 -0.9689646363
  -0.2289619297 2.1897606850 -4.3190541267 -0.9713230133 0.0266985893 0.0000470854
  -0.9368704557 2.4040746689 -7.4569563866 0.7026568055 0.0000000848 -0.0000000838
  -0.3415237963 1.4365980625 -5.5066871643 0.7026569247 -0.0000000000 0.0000000000
  1.5008628368 -0.1842256784 -6.3713269234 0.7092318535 -0.0044223941 0.7049474120
  1.7695157528 -0.2156176716 -5.5275373459 0.7070877552 -0.0007141182 0.7070783973
  0.2498771399 0.6055213213 -5.5336933136 -0.0237987041 0.0806801096 -0.9955344796
  -0.2582528889 0.7089982629 -4.7887659073 -0.9713231325 -0.0266984608 -0.0000463371
  1.4616186619 2.9264619350 -7.0036177635 0.7026569247 -0.0000000848 0.0000000838
  0.3415237963 1.4365980625 -5.5066871643 0.7026569247 -0.0000000000 0.0000000000
  -0.0368340649 -0.0525819138 -6.0950403214 0.8274937272 -0.0043130610 0.0004282807
  0.0195779931 4.9858427048 1.8478003740 0.1683623493 -0.0247129872 -0.0055485438
  -0.0621815994 4.2888050079 3.2300491333 -0.0463822335 0.0065701092 0.0237170495
  -0.5732579231 -0.3991086483 -6.8787617683 -0.0639759973 -0.2542445064 -0.6447397470
  1.4282814264 -1.5524911880 -4.1667561531 -0.0000170652 -0.0713135749 0.0003753339
  2.0080447197 -1.5450274944 -3.9210042953 -0.2994043529 0.0158004388 -0.1504987329
  -0.3452095091 -0.0927092209 -6.1839017868 -0.1928095073 -0.6238228083 -0.1863500029
  4.1228852272 -1.6980860233 -0.7173020840 0.4869369268 -0.6197108030 -0.3964592516
  0.5926957130 -0.3991085887 -6.8787617683 -0.1071278602 0.2582689226 0.6225977540
  -1.2421584129 -1.8334285021 -4.0794944763 -0.0001893112 0.7867273688 -0.0006777968
  -3.6681466103 -1.8223109245 2.1799280643 0.1192324683 -0.2932346463 0.3239028752
  0.3086302578 -0.0927092507 -6.1839017868 -0.0599457026 0.7795117497 0.1055865139
  -4.5962471962 -0.3468976021 1.0839183331 0.0540000685 0.0251646657 0.6421805024
}

frame 7 {
  -0.0019643402 -0.2275341451 -1.0885303020 -0.9999803305 -0.0000000000 0.0000000000
  -0.9155699015 1.4020608664 -6.9306902885 -0.6778797507 0.1728004515 0.6910572052
  4.2074942589 -1.3319190741 -0.1034178957 -0.0006709173 0.0000413862 -0.0000001470
  -1.0540928841 -0.5219632387 -6.1891093254 0.7092318535 0.0044223941 -0.7049474120
  -1.8172881603 -0.1883321702 -5.6644034386 0.7070877552 0.0007141172 -0.7070783973
  -0.4291654229 0.5586658120 -5.5749282837 0.0041264775 0.0101259053 -0.9980536699
  0.0413601547 0.0400808193 -4.8475136757 -0.9713230133 0.0266985949 0.0000470854
  -1.1052509546 0.9526581764 -9.4235572815 0.7026568055 0.0000000848 -0.0000000838
  -0.4714892507 1.4227755070 -5.5141181946 0.7026569247 -0.0000000000 0.0000000000
  1.0250525475 -0.6539220810 -6.1762809753 0.7092318535 -0.0044223941 0.7049474120
  1.7695157528 -0.2156176567 -5.5275373459 0.7070877552 -0.0007141182 0.7070783973
  0.2498770952 0.6645982862 -5.8368201256 -0.0133063681 -0.1504676640 -0.9873994589
  -0.0526630729 -1.5042804480 -4.6082539558 -0.9713231325 -0.0266984589 -0.0000463368
  1.2932381630 1.4750453234 -8.9702186584 0.7026569247 -0.0000000848 0.0000000838
  0.2028702348 1.4200359583 -5.5951066017 0.7026569247 -0.0000000000 0.0000000000
  -0.0368340649 -0.0525819249 -6.0950403214 0.8716095090 -0.0042620376 0.0007880028
  0.0130967153 4.6145720482 2.5699601173 0.1683623791 -0.0247129854 -0.0055485428
  -0.1061464474 3.6993095875 3.7867898941 -0.0463822000 0.0065701110 0.0237170514
  -0.5068063736 -0.5274735689 -6.8632149696 -0.1000063866 -0.5595387220 -0.7760837078
  0.7618785501 -4.0161943436 -1.6656783819 -0.0185179189 -0.0651185513 0.4072490633
  4.0443763733 -1.9187566042 -1.1820522547 -0.0633739978 0.0960898772 0.0016780590
  -0.3452095091 -0.0927092060 -6.1839017868 -0.0419027619 -0.6693655252 -0.0901248828
  4.7527704239 -0.0751829445 -0.4830425978 0.5443782210 -0.5670824051 -0.4432274103
  0.4915297031 -0.5791769624 -6.8688941002 -0.1825472265 0.5743907094 0.7325917482
  -0.5059280396 -4.1756005287 -1.2816357613 -0.1036785617 0.7259509563 -0.3711974025
  -2.2576854229 -1.9590655565 3.5301866531 -0.1118682474 -0.2993433774 0.2059902400
  0.3086302578 -0.0927092284 -6.1839017868 0.0451032817 0.7449973226 -0.0780627877
  -4.7293286324 1.6618311405 0.5496990085 0.0630211011 0.0216891300 0.7494605184
}

frame 8 {
  -0.0019643402 -0.4054969251 -0.9995489120 -0.9999803305 -0.0000000000 0.0000000000
  -0.9155699015 0.8014931083 -7.1359782219 -0.6528876424 0.2500537634 0.6670032144
  3.5568804741 -2.2182736397 -0.1088516116 -0.0006709167 0.0000413862 -0.0000001247
  -1.0540928841 -0.6451855302 -5.8248143196 0.7092318535 0.0044223941 -0.7049474120
  -1.8172881603 -0.1883321851 -5.6644039154 0.7070877552 0.0007141172 -0.7070783973
  -0.3734361231 0.7180944681 -5.9191846848 0.0041264775 0.0101259053 -0.9980536699
  0.0413601510 0.0400807709 -4.8475136757 -0.9713230133 0.0266985949 0.0000470854
  -1.2570972443 -0.4991473854 -9.3923387527 0.7026568055 0.0000000848 -0.0000000838
  -0.4869509339 1.2189279795 -7.2420310974 0.7026569247 -0.0000000000 0.0000000000
  1.3150079250 -0.6322075725 -5.6650409698 0.7092318535 -0.0044223941 0.7049474120
  1.7695157528 -0.2156176716 -5.5275373459 0.7070877552 -0.0007141182 0.7070783973
  0.2204180956 0.6650264263 -6.1614794731 -0.0148161333 -0.1727562845 -0.9834575653
  -0.0469022803 -1.7115459442 -4.5354223251 -0.9713230729 -0.0266984608 -0.0000463363
  1.1413918734 0.0232402198 -8.9390001297 0.7026569247 -0.0000000848 0.0000000838
  0.1686491668 1.2430197001 -7.0067915916 0.7026569247 -0.0000000000 0.0000000000
  -0.0368340574 0.0982972980 -6.2277317047 0.9518058300 -0.0040195449 0.0016214718
  -0.0035376500 3.2845432758 3.9711763859 0.1939393729 -0.0250439886 -0.0047904826
  -0.2068623155 1.7359993458 4.7256436348 0.0587081648 0.0063922605 0.0282599051
  -0.3999830782 -0.7898161411 -6.4965434074 0.1623871475 -0.6791874170 -0.6350249052
  3.1865630150 -3.1806037426 -0.0605943091 -0.0031300173 -0.0711441040 0.0688358620
  3.6315183640 -2.7014279366 0.4483616650 -0.1684314907 0.0795690864 0.2482646108
  -0.3452095091 -0.0927092582 -6.1839017868 0.1281277686 -0.7180505991 0.0689528286
  4.6354966164 2.1328673363 0.3149528801 0.5720790029 -0.5375641584 -0.4657812715
  0.3665084243 -0.7232443094 -6.4957079887 0.1735862792 0.6071500182 0.6585963368
  -3.5373020172 -2.7112383842 -0.9241991639 -0.0001899443 0.7867273092 -0.0006800798
  -0.0579348877 -2.7001261711 3.6597604752 -0.1932378262 -0.2965336442 0.1607148945
  0.3039831221 -0.1004530713 -6.1667051315 0.1739536971 0.6865798831 -0.2666947544
  -3.8652336597 3.6751768589 0.0075710020 0.0669390261 0.0197956357 0.7960584164
}

frame 9 {
  -0.0019643402 -0.4054969251 -0.8018124104 -0.9985710979 0.0000000000 0.0000000000
  -0.9820985198 1.0824263096 -7.1815304756 -0.6160222292 0.3079608083 0.6583759785
  2.6051120758 -3.0079548359 -0.2313039005 -0.0006709166 0.0000413866 -0.0000001466
  -1.0171382427 -0.1509540528 -5.6412425041 0.7092319131 0.0044223941 -0.7049473524
  -1.7666707039 0.1780191064 -4.8287496567 0.7070877552 0.0007141185 -0.7070783973
  -0.3734361529 1.4534292221 -6.3036751747 0.0196915045 -0.2454719841 -0.9674488306
  0.3749703765 -2.7298579216 -3.9886059761 -0.9713230133 0.0266985856 0.0000470878
  -1.2170681953 0.4516560733 -8.7176141739 0.7026568055 0.0000000848 -0.0000000838
  -0.4869509339 1.6754952669 -7.2147240639 0.7026569247 -0.0000000000 0.0000000000
  1.1522314548 -0.3909489214 -5.4846434593 0.7092319131 -0.0044223941 0.7049473524
  1.8308566809 -0.4177888930 -4.9030075073 0.7070877552 -0.0007141185 0.7070783973
  0.2204180509 1.2874881029 -6.4880290031 -0.0009186944 -0.4185385108 -0.9065644741
  0.2631822228 -3.9913873672 -2.7388339043 -0.9713231325 -0.0266984608 -0.0000463361
  1.1814208031 0.9740433693 -8.2642755508 0.7026569247 -0.0000000848 0.0000000838
  0.1686491668 1.6995869875 -6.9794845581 0.7026569247 -0.0000000000 0.0000000000
  -0.0368340574 0.5548645854 -6.2004241943 0.9769014120 -0.0038448386 0.0020007819
  -0.0152527783 2.0459730625 4.5960588455 0.1939393878 -0.0250439867 -0.0047904826
  -0.2500238121 0.3533346057 4.8307518959 0.0587081611 0.0063922587 0.0282599051
  -0.3999830782 -0.3332488239 -6.4692358971 0.0563775152 -0.6521362662 -0.6402999163
  3.1031928062 -3.2448120117 -0.2341313809 -0.0000170148 -0.0713135749 0.0003740253
  3.1077024937 -3.2361736298 0.2100463808 -0.0290223528 0.1094681621 0.0641369373
  -0.3452095091 0.5530573726 -6.2629842758 0.2386917621 -0.7104082704 0.1831958741
  3.6396276951 3.8914959431 0.6168349385 0.5401695371 -0.5713098645 -0.4398009181
  0.3272744417 -0.3396981657 -6.4573793411 0.0324138999 0.5482760668 0.7204281092
  -2.7606925964 -3.2239892483 -1.4891520739 -0.0001899941 0.7867273688 -0.0006801707
  -0.7916885018 -3.2132885456 3.0405046940 -0.0473474413 -0.2990437746 -0.0334781259
  0.3039831221 0.5453135967 -6.2457876205 0.2753098607 0.6382386684 -0.3697672486
  -2.3943736553 4.9581060410 -0.2310598046 0.0660780221 0.0202371273 0.7858151197
}

frame 10 {
  -0.0019643402 -0.4747046828 -0.6436232328 -0.9898066521 0.0000000000 0.0000000000
  -0.9820985198 1.9318001270 -7.0125622749 -0.6160222292 0.3079607785 0.6583759785
  1.8377541304 -3.4078297615 -0.1959835589 -0.0006709161 0.0000413843 -0.0000001468
  -1.0171382427 0.6984196305 -5.4722738266 0.7092318535 0.0044223918 -0.7049474120
  -1.7666707039 1.0273928642 -4.6597814560 0.7070877552 0.0007141212 -0.7070783973
  -0.3927862346 2.0897936821 -6.7137503624 0.0731533840 -0.4725961387 -0.8775420189
  0.7401506305 -4.5870351791 -1.3831062317 -0.9713230133 0.0266985968 0.0000470852
  -1.2897493839 1.0000032187 -8.7832775116 0.7026567459 0.0000000848 -0.0000000838
  -0.5279858708 2.0205922127 -7.8582863808 0.7026569247 -0.0000000000 0.0000000000
  1.1522314548 0.4584250152 -5.3156752586 0.7092318535 -0.0044223918 0.7049474120
  1.8308566809 0.4315848351 -4.7340393066 0.7070877552 -0.0007141106 0.7070783973
  0.2190731019 1.8967354298 -6.7641692162 0.0546484888 -0.6259335876 -0.7767227888
  0.6497377753 -4.7908492088 0.3567283452 -0.9713231325 -0.0266984627 -0.0000463371
  1.1087397337 1.5223902464 -8.3299398422 0.7026569247 -0.0000000848 0.0000000838
  0.1276142597 2.0446836948 -7.6230468750 0.7026569247 -0.0000000000 0.0000000000
  -0.0368340574 1.4042383432 -6.0314559937 0.9769014120 -0.0038448386 0.0020007824
  -0.0219765510 1.2036299706 4.7970538139 0.1939393729 -0.0250439830 -0.0047904830
  -0.2667171955 -0.5018833876 4.6954388618 0.0587081723 0.0063922568 0.0282599088
  -0.3999830782 0.5161248446 -6.3002672195 0.1021709442 -0.6793168783 -0.6345850825
  3.2653579712 -2.9638004303 1.0159795284 -0.0000170158 -0.0713135675 0.0003739727
  3.0901629925 -2.9550664425 1.4704881907 -0.0380963050 0.1067038104 0.0592142344
  -0.3452095091 1.4024311304 -6.0940155983 0.4409682453 -0.6088368893 0.4004040956
  0.0176936388 5.5632162094 0.5711228848 0.5222232938 -0.5886397362 -0.4251895249
  0.3400640190 0.5104187131 -6.3019442558 0.0768566430 0.5788261890 0.7171920538
  -3.1850185394 -3.1728405952 -0.2648923695 -0.0001900053 0.7867274284 -0.0006801775
  0.4983948469 -3.1626796722 3.1613574028 -0.0560574792 -0.2990972102 -0.0291557387
  0.3039831221 1.3946872950 -6.0768189430 0.4479270279 0.4848102033 -0.5316473246
  1.1866449118 5.4039425850 -0.6530615091 0.0616744123 0.0222781561 0.7334510684
}

frame 11 {
  -0.0075440467 -0.4552038014 -0.6069983244 -0.9866699576 0.0000000000 0.0000000000
  -0.9793478847 2.0920417309 -6.9920854568 -0.6103063822 0.3142495155 0.6584355831
  1.5695477724 -3.5081923008 -0.2063818425 -0.0006709147 0.0000413852 -0.0000001411
  -1.0171382427 0.8884424567 -5.4121651649 0.7092318535 0.0044223918 -0.7049474120
  -1.7666707039 1.2174155712 -4.5996727943 0.7070877552 0.0007141212 -0.7070783973
  -0.3967543840 2.1352972984 -7.0096859932 0.0799500570 -0.6172701120 -0.7824125290
  0.5860676765 -4.7887964249 0.4750308692 -0.9713230133 0.0266985949 0.0000470828
  -1.2862714529 1.1133583784 -8.3426084518 0.7026567459 0.0000000848 -0.0000000838
  -0.5161261559 2.0320572853 -8.0206422806 0.7026569247 -0.0000000000 0.0000000000
  1.1522314548 0.6484477520 -5.2555661201 0.7092318535 -0.0044223918 0.7049474120
  1.8308566809 0.6216074824 -4.6739301682 0.7070877552 -0.0007141103 0.7070783973
  0.2192702144 1.9142922163 -6.9018015862 0.0546484925 -0.6259335876 -0.7767227888
  0.6412783265 -4.7730836868 0.5550575852 -0.9713231325 -0.0266984552 -0.0000463368
  1.1122176647 1.6357457638 -7.8892698288 0.7026568651 -0.0000000848 0.0000000838
  0.1750529110 2.0507092476 -7.7882590294 0.7026569247 -0.0000000000 0.0000000000
  -0.0368340574 1.5942610502 -5.9713473320 0.9769014120 -0.0038448386 0.0020007824
  -0.0234302413 1.0058684349 4.8217501640 0.1939393729 -0.0250439867 -0.0047904821
  -0.2693650723 -0.6941196322 4.6429042816 0.0587081648 0.0063922578 0.0282599069
  -0.3999830782 0.7061477304 -6.2401585579 0.1097271740 -0.6834928393 -0.6333188415
  3.2581980228 -2.8833012581 1.2750084400 -0.0000170158 -0.0713135749 0.0003740024
  3.0461652279 -2.8745772839 1.7258578539 -0.0395276658 0.1062564328 0.0582708567
  -0.3452095091 1.5924538374 -6.0339069366 0.4565349221 -0.5918629169 0.4538287818
  -0.7929276824 5.5155920982 0.3924469352 0.3309661150 -0.7200986743 -0.2694693506
  0.3362385035 0.7004432678 -6.2420544624 0.0680694729 0.5732930303 0.7180579305
  -3.2425413132 -3.1276624203 -0.1665734202 -0.0001899680 0.7867274284 -0.0006802169
  0.6075996161 -3.1175191402 3.1937825680 -0.0544474237 -0.2990801930 -0.0301702227
  0.3039831221 1.5847101212 -6.0167102814 0.4760501385 0.5016281605 -0.5953301787
  2.2199141979 5.0269961357 -0.5231807828 0.0546531826 0.0249462016 0.6499490142
}

frame 12 {
  -0.0131237535 -0.4357028902 -0.5239340067 -0.9861878753 0.0000000000 0.0000000000
  -0.9600935578 1.9105112553 -7.2602901459 -0.5866990089 0.3579065204 0.6405909657
  0.9604795575 -3.6750164032 -0.1640585363 -0.0006709163 0.0000413802 -0.0000001482
  -1.0171382427 0.9153788686 -5.4029436111 0.7092318535 0.0044223918 -0.7049474120
  -1.7666707039 1.2443519831 -4.5904507637 0.7070877552 0.0007141004 -0.7070783973
  -0.3927862346 1.9561560154 -7.1735744476 0.0803850666 -0.7214226723 -0.6877328753
  0.4155755341 -4.4736566544 1.8208205700 -0.9713230133 0.0266985986 0.0000470847
  -1.3510736227 0.6371480823 -8.6931600571 0.7026567459 0.0000000848 -0.0000000838
  -0.4331085086 1.8191031218 -8.0597743988 0.7026569247 -0.0000000000 0.0000000000
  1.1522314548 0.6753840446 -5.2463445663 0.7092318535 -0.0044223918 0.7049474120
  1.8308566809 0.6485438347 -4.6647086143 0.7070877552 -0.0007141103 0.7070783973
  0.2190730274 1.8972706795 -6.9160966873 0.0546484925 -0.6259335876 -0.7767227888
  0.6399812698 -4.7698860168 0.5833189487 -0.9713230729 -0.0266984627 -0.0000463380
  1.0474154949 1.1595350504 -8.2398214340 0.7026569247 -0.0000000848 0.0000000838
  0.2224915922 1.8431946039 -7.8245348930 0.7026569247 -0.0000000000 0.0000000000
  -0.0368340574 1.6211973429 -5.9621253014 0.9769014120 -0.0038448386 0.0020007822
  -0.0236347225 0.9775422215 4.8246135712 0.1939393580 -0.0250439830 -0.0047904826
  -0.2697061896 -0.7213980556 4.6347560883 0.0587081648 0.0063922610 0.0282599088
  -0.3999830782 0.7330839634 -6.2309370041 0.1816522032 -0.7187036872 -0.6165160537
  2.8779392242 -2.8711822033 2.0100140572 -0.0000169994 -0.0713136047 0.0003740300
  2.5652010441 -2.8627574444 2.3992888927 -0.0520068891 0.1021832451 0.0475077741
  -0.3452095091 1.6193902493 -6.0246853828 0.4828041196 -0.5402686596 0.4633238614
  -1.0987719297 5.4658851624 0.2164107114 0.1783113480 -0.7749258280 -0.1451793313
  0.3299082816 0.7273288369 -6.2329263687 0.1734721214 0.6234477758 0.6999696493
  -3.1658477783 -3.1099617481 0.8039680719 -0.0001899879 0.7867273688 -0.0006802670
  1.5320459604 -3.1007168293 2.8883950710 -0.0593486838 -0.2997037768 -0.0127558941
  0.3039831221 1.6116464138 -6.0074887276 0.4767811894 0.5039757490 -0.6112534404
  2.4101710320 4.9163789749 -0.5718348026 0.0539721474 0.0251738243 0.6418533325
}

frame 13 {
  -0.0019643402 -0.4747046828 0.0880016088 -0.9861878753 0.0000000000 0.0000000000
  -0.9256961346 1.0437548161 -7.8468346596 -0.4320232272 0.5746825337 0.4644337595
  -2.4316282272 -3.1097769737 0.2926898003 -0.0006709166 0.0000413889 -0.0000001305
  -1.0171382427 0.9425989985 -5.6027503014 0.7092318535 0.0044223918 -0.7049474120
  -1.7741628885 1.8063906431 -4.7130398750 0.7070877552 0.0007141004 -0.7070783973
  -0.3927862346 1.5798422098 -7.3559517860 -0.0810215920 0.8252364993 0.5589381456
  0.1761555672 -3.6555974483 3.1791942120 -0.9713230133 0.0266985968 0.0000470823
  -1.3701020479 0.4844305515 -8.7889051437 0.7026567459 0.0000000848 -0.0000000838
  -0.2957631052 0.8561608791 -8.1204471588 0.7026569247 -0.0000000000 0.0000000000
  1.1522314548 0.7026042938 -5.4461512566 0.7092318535 -0.0044223918 0.7049474120
  1.8350698948 1.2772358656 -4.6926345825 0.7070877552 -0.0007141103 0.7070783973
  0.2190730423 1.8972705603 -6.9160966873 0.0546484925 -0.6259335876 -0.7767227888
  0.6399813294 -4.7698864937 0.5833188891 -0.9713230729 -0.0266984627 -0.0000463380
  1.0283870697 1.0068175793 -8.3355665207 0.7026569247 -0.0000000848 0.0000000838
  0.2120089233 0.9186892509 -7.8735766411 0.7026569247 -0.0000000000 0.0000000000
  -0.0368340723 1.6566133499 -6.2825517654 -0.9991014004 0.0054055862 -0.0006348606
  -0.0249166563 -1.4588500261 4.4326415062 0.1939393729 -0.0250439867 -0.0047904821
  -0.2502292097 -2.8253703117 3.3453488350 0.1633198559 0.0130297942 0.0313144512
  -0.3999830484 0.7396001220 -6.1408061981 0.0746442452 -0.7610188723 -0.6177521348
  1.8810905218 -3.3529276848 2.3088269234 -0.0209663883 -0.0632624179 0.4610972404
  3.8742733002 -0.2257540524 2.8276417255 0.2112656087 -0.8544206023 -0.2803068161
  -0.3452095091 1.6782186031 -6.2554097176 0.6518594027 -0.3326584399 0.5363604426
  -3.3234548569 4.2220187187 0.6289263368 0.3471841812 -0.7120014429 -0.2826740146
  0.3265620768 0.7521848679 -6.1364564896 0.2728803754 0.6105183959 0.6695979834
  -3.6401791573 -2.5379986763 1.0903136730 -0.0001893904 0.7867274284 -0.0006779576
  1.9233210087 -2.5284631252 3.2802338600 0.1621689945 0.3005817533 0.2007739395
  0.3039831221 1.6704748869 -6.2382130623 0.5208671689 0.4055536985 -0.6303749084
  2.9754705429 4.5072827339 -0.7243808508 0.0696128979 0.0183178615 0.8278578520
}

frame 14 {
  -0.0019643402 -0.9274284244 0.3276787996 -0.9625471234 0.0000000000 0.0000000000
  -0.9256961346 1.9902265072 -7.4001579285 -0.4320232272 0.5746825933 0.4644337296
  -3.2699806690 -2.4869027138 0.3599328101 -0.0006709138 0.0000413861 -0.0000001232
  -1.0171382427 2.0411324501 -5.0474209785 0.7092318535 0.0044223806 -0.7049474120
  -2.8445794582 3.3580496311 -4.6239728928 0.7070877552 0.0007141110 -0.7070783973
  -0.3927862048 2.3907475471 -7.0596818924 -0.0789493844 0.9173736572 0.3896828294
  -0.2882955670 -1.2383519411 4.6781477928 -0.9713230133 0.0266986024 0.0000470890
  -0.6560150385 0.3113417625 -8.2783679962 0.7026567459 0.0000000848 -0.0000000838
  -0.2957631052 1.1951129436 -7.1401019096 0.7026569247 -0.0000000000 0.0000000000
  1.0873405933 1.9802149534 -5.0544228554 0.7092318535 -0.0044223806 0.7049474120
  2.1802222729 2.3340404034 -5.3500671387 0.7070877552 -0.0007141004 0.7070783973
  0.2190729827 2.8507916927 -6.7722930908 0.0620644428 -0.7637063861 -0.6417505741
  0.4004540443 -3.6100835800 3.2106988430 -0.9713231325 -0.0266984645 -0.0000463337
  1.7424740791 0.8337285519 -7.8250298500 0.7026569247 -0.0000000848 0.0000000838
  0.2120089233 1.2576415539 -6.8932309151 0.7026569247 -0.0000000000 0.0000000000
  -0.0368340723 2.6030850410 -5.8358745575 -0.9991014004 0.0054055862 -0.0006348608
  -0.0343197770 -2.3644075394 3.9080407619 0.1939393878 -0.0250439886 -0.0047904830
  -0.2325886041 -3.4631609917 2.5157458782 0.1633198261 0.0130297942 0.0313144512
  -0.5264638662 1.6311031580 -5.5133004189 -0.0356724337 -0.8456090689 -0.5059244633
  1.5938161612 -1.8864817619 3.9239656925 -0.0252004080 -0.0593320467 0.5542215705
  2.2701704502 0.9488071799 4.2575755119 0.0046549551 -0.6612005830 -0.1203316525
  -0.3452095091 2.6246902943 -5.8087329865 0.5766701698 -0.4407520890 0.5092973113
  -3.2213683128 4.3456964493 0.4351496696 0.0001675736 -0.7962616086 -0.0001363166
  0.4399057627 1.6178896427 -5.4959688187 0.1208130047 0.8758805990 0.3874216974
  -2.2543292046 -0.3764941990 4.2070426941 -0.1127508283 0.7142910361 -0.4036782384
  4.2848052979 -0.5832219124 2.0036466122 0.0464564860 0.6773973107 0.2963348031
  0.3039831221 2.6169466972 -5.7915363312 0.5229600668 0.4146337807 -0.5845242739
  3.4079382420 4.1666030884 -0.4568127990 0.0487836376 0.0267575271 0.5801488161
}

frame 15 {
  0.0375914611 -1.3747279644 0.3411405087 -0.9399718046 -0.0087998733 -0.0088829184
  -0.8738363385 2.5687658787 -6.9844779968 -0.4320232272 0.5746825933 0.4644337296
  -3.7596602440 -1.9671291113 0.3445797861 -0.0006709173 0.0000413871 -0.0000001551
  -0.9652784467 2.6196715832 -4.6317410469 0.7092319131 0.0044223978 -0.7049473524
  -1.7223030329 4.7859954834 -4.3655796051 0.7070877552 0.0007141343 -0.7070783973
  -0.3409264386 2.9692866802 -6.6440019608 -0.0789493918 0.9173735976 0.3896828890
  -0.4431052208 -0.5510889292 4.7960033417 -0.9713230133 0.0266985986 0.0000470885
  -0.6301089525 1.3444353342 -7.5849428177 0.7026567459 0.0000000844 -0.0000000828
  -0.2439033687 1.7736525536 -6.7244219780 0.7026569247 0.0000000005 0.0000000003
  1.1392005682 2.5587542057 -4.6387429237 0.7092319131 -0.0044223955 0.7049473524
  1.8869296312 4.1273393631 -4.1590385437 0.7070877552 -0.0007141159 0.7070783973
  0.2709327340 3.4293308258 -6.3566131592 0.0620644465 -0.7637063861 -0.6417505741
  0.2646455467 -3.1138389111 3.7061619759 -0.9713230729 -0.0266984645 -0.0000463421
  1.7683799267 1.8668229580 -7.1316046715 0.7026569247 -0.0000000843 0.0000000848
  0.2638686895 1.8361810446 -6.4775509834 0.7026569247 0.0000000005 0.0000000003
  0.0150256902 3.1816241741 -5.4201951027 -0.9991014004 0.0054055862 -0.0006348609
  0.0120349340 -2.9065208435 3.4452764988 0.1939393878 -0.0250439867 -0.0047904807
  -0.1625306904 -3.7894365788 1.8842221498 0.1633198261 0.0130297970 0.0313144512
  -0.4746041298 2.2096424103 -5.0976204872 -0.0588644408 -0.8147015572 -0.5352799892
  2.0366590023 -1.5672193766 3.8979465961 -0.0252007116 -0.0593319908 0.5542216897
  2.1484117508 1.4808393717 4.2286624908 -0.0262337439 -0.7578774691 -0.3749198020
  -0.2933497131 3.2032296658 -5.3930530548 0.5766699314 -0.4407521486 0.5092973709
  -3.7084009647 3.8290898800 0.5132578015 0.0001675150 -0.7962616086 -0.0001364021
  0.4917655587 2.1964292526 -5.0802884102 0.0916071162 0.8539072275 0.4151932001
  -2.5193116665 0.0452259183 4.1197524071 -0.1127504557 0.7142916322 -0.4036766589
  4.4216427803 -0.1077767462 1.8991892338 -0.2282052487 -0.8032969236 0.3978096545
  0.3558428884 3.1954860687 -5.3758563995 0.5229600668 0.4146336615 -0.5845243931
  3.8744432926 3.6257646084 -0.4641938508 0.0487837978 0.0267575346 0.5801491737
}

frame 16 {
  0.0716566965 -1.5903503895 0.4488314390 -0.9198222160 -0.0153056700 -0.0154501116
  -0.8460398316 2.9559192657 -6.6226606369 -0.3765794933 0.6403204203 0.4151932299
  -4.4317827225 -0.7440766096 0.7456132174 -0.0006709168 0.0000413852 -0.0000001538
  -2.0238273144 4.5433607101 -4.5477938652 0.7049607038 0.0525357984 -0.7046582699
  -1.6945064068 5.1731481552 -4.0037622452 0.7070877552 0.0007141393 -0.7070783973
  -0.2967535257 3.4067237377 -6.3897838593 -0.0789493769 0.9173736572 0.3896828592
  -0.5422033072 -0.0302273482 4.8173437119 -0.9713230133 0.0266985949 0.0000470823
  -1.2919590473 1.7071772814 -6.9240474701 0.7026567459 0.0000000844 -0.0000000844
  -0.2161067128 2.1608057022 -6.3626046181 0.7026569247 -0.0000000010 0.0000000003
  1.2329521179 3.4051697254 -4.5339741707 0.7092319131 -0.0044224011 0.7049473524
  1.9147261381 4.5144925117 -3.7972209454 0.7070877552 -0.0007141244 0.7070783973
  0.3151056767 3.8667678833 -6.1023945808 0.0620644428 -0.7637063861 -0.6417505145
  0.1697864085 -2.6991567612 4.0233564377 -0.9713230729 -0.0266984608 -0.0000463351
  1.1065297127 2.2268488407 -6.2543225288 0.7026568055 -0.0000000854 0.0000000844
  0.2916652858 2.2233338356 -6.1157336235 0.7026569247 -0.0000000010 0.0000000003
  0.0428222865 3.5687775612 -5.0583777428 -0.9881092310 0.0137317525 0.0156131387
  0.0576431081 -3.8424010277 2.1464443207 0.1939393580 -0.0250439830 -0.0047904821
  -0.0504715554 -4.1619987488 0.3306596875 0.1633198410 0.0130297970 0.0313144550
  -0.3993328810 2.6556291580 -4.6140275002 0.2937231362 -0.8115022779 -0.1865445822
  1.8412580490 2.9791786671 3.7184801102 -0.0000172053 -0.0713136047 0.0003782830
  1.2916390896 2.9868090153 3.9423830509 0.1043712199 -0.6524900794 -0.1906865686
  -0.2655531168 3.5903825760 -5.0312356949 0.5552403331 -0.4555024505 0.5086858273
  -3.8959941864 3.6050066948 0.4086859822 0.0001680704 -0.7962616682 -0.0001367949
  0.5670367479 2.6424157619 -4.5966959000 0.2750779986 0.7834141850 0.2195588201
  -2.4058423042 2.9455096722 3.4054286480 -0.0001891066 0.7867273688 -0.0006770056
  3.8813080788 2.9517116547 1.5234842300 0.1858483553 0.2964129746 -0.1327937692
  0.3836395144 3.5826389790 -5.0140390396 0.4980992973 0.4588334560 -0.5350420475
  3.7212922573 3.8402116299 -0.3146659136 0.0343375318 0.0300199259 0.4083503187
}

frame 17 {
  0.0716566965 -1.6355679035 0.5898712873 -0.8880058527 -0.0169537831 -0.0145636452
  -0.8758028746 3.4168279171 -6.0654926300 -0.3765794933 0.6403203607 0.4151932895
  -4.6496648788 -0.0547971055 0.7799585462 -0.0006709163 0.0000413850 -0.0000001551
  -1.6073812246 4.3240404129 -4.4353723526 0.7049607038 0.0525357947 -0.7046582699
  -1.6570253372 5.2074322701 -4.5187034607 0.7070877552 0.0007141195 -0.7070783973
  -0.3286084831 3.8425381184 -5.7935409546 -0.0629449189 0.9889314175 0.1308091432
  -0.6976209879 3.0488460064 3.7039897442 -0.9713230133 0.0266985912 0.0000470895
  -1.9724390507 2.1405255795 -5.8168573380 0.7026568055 0.0000000818 -0.0000000851
  -0.2458698004 2.6217141151 -5.8054361343 0.7026569247 -0.0000000020 -0.0000000010
  1.1649791002 3.9836559296 -4.2802324295 0.7092319131 -0.0044223922 0.7049473524
  1.7840095758 4.9916973114 -4.0507364273 0.7070877552 -0.0007141297 0.7070783973
  0.2952453196 4.1780791283 -5.6270585060 0.0629197583 -0.9131260514 -0.4020438492
  -0.1587472111 0.5920177698 4.8089485168 -0.9713231325 -0.0266984608 -0.0000463356
  0.4260499179 2.6629116535 -5.3635196686 0.7026569247 -0.0000000872 0.0000000820
  0.2619021833 2.6842424870 -5.5585651398 0.7026569247 -0.0000000020 -0.0000000010
  0.0130592296 4.0296859741 -4.5012092590 -0.9881092906 0.0137317544 0.0156131405
  -0.0016547155 -4.1130967140 1.4778890610 0.1939393729 -0.0250439867 -0.0047904821
  -0.0755242109 -4.1570372581 -0.3926011324 0.1633198261 0.0130297989 0.0313144550
  -0.5137199759 3.1200366020 -4.0313067436 0.3739769459 -0.8425872326 -0.0286392141
  -0.5431399345 3.9576811790 3.3254959583 -0.0000172062 -0.0713135824 0.0003782063
  -1.0133351088 3.9635126591 3.2140939236 -0.0427541025 -0.2354059964 -0.1839461327
  -0.2953161597 4.0512914658 -4.4740672112 0.5623557568 -0.4491216838 0.5118102431
  -4.3271708488 2.8943042755 0.4190598726 0.0001679317 -0.7962616086 -0.0001365661
  0.5372735858 3.1033246517 -4.0395274162 0.2953285277 0.6859611273 0.1233263314
  -1.7478896379 4.2539114952 2.4791405201 -0.0001895320 0.7867273688 -0.0006784061
  2.8258037567 4.2601375580 1.1030552387 0.1795889139 0.0218848307 -0.0388112254
  0.3538763821 4.0435476303 -4.4568705559 0.5161067247 0.4488001168 -0.5384839177
  4.2506346703 3.0764350891 -0.1324727982 0.0242776051 0.0314985104 0.2887162864
}

frame 18 {
  0.0716566965 -1.6968736649 0.7417703867 -0.8613951206 -0.0171763226 -0.0133395456
  -0.8987988234 3.7005543709 -5.6142048836 -0.3765794933 0.6403203607 0.4151932597
  -4.7440462112 0.4701526761 0.7944809198 -0.0006709175 0.0000413943 -0.0000001489
  -1.1855413914 3.9246947765 -4.2021989822 0.7049607038 0.0525357872 -0.7046582699
  -1.6127769947 5.0645341873 -5.1395254135 0.7070877552 0.0007141274 -0.7070783973
  -0.3549527228 3.9141626358 -5.2184233665 -0.0423742905 0.9887499213 -0.1375536919
  -0.5510538816 4.6931886673 1.0825947523 -0.9713230133 0.0266985912 0.0000470900
  -0.6448855996 3.2108089924 -4.5842723846 0.7026567459 0.0000000864 -0.0000000834
  -0.2688656747 2.9054410458 -5.3541488647 0.7026569247 0.0000000006 0.0000000012
  1.1048908234 4.2851448059 -3.9491956234 0.7092319131 -0.0044223885 0.7049473524
  1.6600601673 5.2917208672 -4.4101324081 0.7070877552 -0.0007141241 0.7070783973
  0.2724692822 4.0735082626 -5.1305236816 0.0587509535 -0.9896329641 -0.1302339286
  -0.3996639848 3.4626555443 3.3692667484 -0.9713230729 -0.0266984627 -0.0000463375
  0.4838455617 2.9474334717 -4.8926572800 0.7026569247 -0.0000000845 0.0000000852
  0.2389063239 2.9679694176 -5.1072773933 0.7026569247 0.0000000006 0.0000000012
  -0.0099366950 4.3134131432 -4.0499215126 -0.9881092310 0.0137317525 0.0156131387
  -0.0457163230 -4.2469739914 0.9632762671 0.1939393729 -0.0250439886 -0.0047904816
  -0.0932517275 -4.0843672752 -0.9208962321 0.1633198261 0.0130297979 0.0313144512
  -0.6208841801 3.4024267197 -3.5774133205 0.4861395061 -0.5778819323 -0.0061609470
  -0.5455430746 4.1733617783 3.0832314491 -0.0000169654 -0.0713135675 0.0003731682
  -0.9813736081 4.1792039871 2.9739375114 -0.1620451659 -0.1584589183 -0.0710223988
  -0.3183121979 4.3350181580 -4.0227799416 0.6132580042 -0.3944175541 0.5384576917
  -4.7461252213 1.5552473068 0.5711311698 0.0001674861 -0.7962616682 -0.0001363623
  0.5142778158 3.3870513439 -3.5882399082 0.3152311444 0.6892141700 0.0662596896
  -0.7208198905 4.5935382843 2.4490125179 -0.0001895976 0.7867274284 -0.0006787417
  2.5524041653 4.5986218452 0.1121913791 -0.0153563339 -0.1094061807 0.0375406072
  0.3308805227 4.3272747993 -4.0055832863 0.5966433287 0.3391638100 -0.6188355684
  4.8477554321 0.7782420516 -0.0094121378 0.0294977780 0.0308034327 0.3507972062
}

frame 19 {
  0.0716566965 -1.8602581024 0.8540972471 -0.8449943662 -0.0175877046 -0.0127922660
  -0.6792530417 3.1939234734 -4.2790699005 -0.2100221515 0.7371683121 0.2246177644
  -4.1899533272 3.4115443230 0.6938418150 -0.0006709133 0.0000413936 -0.0000001314
  -1.1987512112 4.0640425682 -3.9309930801 0.7049607038 0.0525357984 -0.7046582699
  -1.6259868145 5.2038822174 -4.8683195114 0.7070877552 0.0007141076 -0.7070783973
  -0.3679577112 3.6805832386 -4.8041572571 -0.0423742868 0.9887499213 -0.1375536919
  -0.5230581164 4.7551817894 0.7850753665 -0.9713230133 0.0266985875 0.0000470895
  -0.6618497372 3.0258231163 -4.0914344788 0.7026568055 0.0000000859 -0.0000000820
  -0.2858298719 2.7204549313 -4.8613114357 0.7026569247 0.0000000007 0.0000000038
  1.0916807652 4.4244923592 -3.6779897213 0.7092318535 -0.0044223890 0.7049474120
  1.6468502283 5.4310688972 -4.1389260292 0.7070877552 -0.0007141129 0.7070783973
  0.2594642937 3.8399288654 -4.7162580490 0.0587509535 -0.9896329641 -0.1302339286
  -0.4142276049 3.6673431396 3.1433556080 -0.9713230729 -0.0266984608 -0.0000463363
  0.4668813348 2.7624473572 -4.3998193741 0.7026569247 -0.0000000842 0.0000000863
  0.2219420969 2.7829835415 -4.6144399643 0.7026569247 0.0000000007 0.0000000038
  -0.0181964934 4.5750827789 -3.9496703148 -0.9695301652 0.0205029752 0.0019083581
  -0.1776442677 -4.3345236778 -0.2426217496 0.1939393878 -0.0250439849 -0.0047904821
  -0.1635054499 -3.7043893337 -2.0741269588 0.1633198559 0.0130297933 0.0313144512
  -0.6340941191 3.5417749882 -3.3062078953 0.4824952483 -0.6610145569 0.0594960861
  -1.6390857697 4.0837502480 2.7879421711 -0.0000169607 -0.0713135526 0.0003731741
  -2.0217163563 4.0887794495 2.5260875225 -0.1373678595 -0.1579625458 -0.1117107123
  -0.3315220773 4.4743661880 -3.7515738010 0.6780861616 -0.3026570976 0.5841285586
  -4.7066788673 -0.2296829969 0.6250802875 0.0001676824 -0.7962616682 -0.0001366149
  0.5010676980 3.5263991356 -3.3170340061 0.3192797005 0.7355664968 0.0425806455
  -0.0446737818 4.6111264229 2.5238771439 -0.0001895819 0.7867273688 -0.0006787396
  2.4642875195 4.6153793335 -0.5623766184 -0.0100144409 -0.1183804125 0.0393306278
  0.3176705241 4.4666223526 -3.7343771458 0.6494407058 0.2366946638 -0.6665323973
  4.5009407997 -1.0489385128 0.1002795771 0.0271831788 0.0311302524 0.3232676983
}

frame 20 {
  0.0716566965 -1.8908926249 0.7519820929 -0.7984814048 -0.0185746625 -0.0113115599
  -0.7137179375 3.4737851620 -3.5382463932 -0.2100221515 0.7371682525 0.2246177346
  -3.7585122585 4.0723981857 0.6199331284 -0.0006709198 0.0000413898 -0.0000001682
  -1.2332161665 4.3439044952 -3.1901693344 0.7049607038 0.0525357872 -0.7046582699
  -1.6604517698 5.4837441444 -4.1274957657 0.7070877552 0.0007141166 -0.7070783973
  -0.4024225473 3.9604446888 -4.0633335114 -0.0423742905 0.9887498617 -0.1375537068
  -0.4408770800 4.8277654648 0.0000218294 -0.9713230133 0.0266985875 0.0000470849
  -0.5801590681 3.0158460140 -2.4099802971 0.7026567459 0.0000000858 -0.0000000827
  -0.2041391730 2.7104778290 -3.1798570156 0.7026569247 0.0000000006 0.0000000018
  1.0572160482 4.7043542862 -2.9371657372 0.7092319131 -0.0044223773 0.7049473524
  1.6123855114 5.7109303474 -3.3981025219 0.7070877552 -0.0007141238 0.7070783973
  0.2249994576 4.1197905540 -3.9754340649 0.0587509535 -0.9896329641 -0.1302339435
  -0.4442820251 4.1296048164 2.5001292229 -0.9713230729 -0.0266984645 -0.0000463383
  0.5485720634 2.7524702549 -2.7183651924 0.7026568055 -0.0000000846 0.0000000843
  0.3036328256 2.7730062008 -2.9329855442 0.7026569247 0.0000000006 0.0000000018
  -0.0615576021 4.8138084412 -2.9725880623 -0.9574717879 0.0225176364 0.0007222480
  -0.2390933484 -4.1156449318 -1.4503295422 0.1939393729 -0.0250439886 -0.0047904821
  -0.1633770615 -3.0417060852 -3.1090631485 0.1633198559 0.0130297979 0.0313144512
  -0.6821191311 3.8450288773 -2.2394647598 0.4954416752 -0.6792072058 0.2183348835
  -3.5331623554 3.4628810883 1.4404848814 -0.0000170904 -0.0713135749 0.0003758282
  -3.7043876648 3.4665038586 0.9229288697 -0.0261589848 -0.0848079473 -0.1767012179
  -0.3659868836 4.7542276382 -3.0107498169 0.6765753031 -0.3035027087 0.5858781338
  -4.4961462021 -0.9883984923 0.5169827938 0.0001677489 -0.7962616682 -0.0001366110
  0.4529908299 3.8246676922 -2.2470245361 0.3726199567 0.7908056378 -0.1217468902
  2.4125058651 4.4160060883 1.4590494633 -0.0001899519 0.7867274284 -0.0006801595
  0.8454097509 4.4183464050 -2.6954770088 0.0692144483 0.1283895075 -0.0475032702
  0.2832057774 4.7464838028 -2.9935531616 0.6332226992 0.2486173809 -0.6822597980
  4.1486449242 -1.7576767206 -0.0789785534 0.0271828603 0.0311302487 0.3232674897
}

frame 21 {
  0.0716566965 -1.8908926249 0.7519820929 -0.7984814048 -0.0185746625 -0.0113115599
  -0.7152618766 3.4837534428 -3.2531294823 -0.1687746644 0.7539461255 0.1720875353
  -3.3164539337 4.5702729225 0.5274848342 -0.0006709161 0.0000413805 -0.0000001494
  -1.2332161665 4.3439044952 -3.1901693344 0.7049607038 0.0525357872 -0.7046582699
  -1.6604517698 5.4837441444 -4.1274957657 0.7070877552 0.0007141166 -0.7070783973
  -0.4190472364 3.4488470554 -3.4491586685 -0.0120575335 0.8857858181 -0.4613317549
  0.0010487003 3.7676224709 -3.0506887436 -0.9713230133 0.0266985875 0.0000470833
  -0.6142805815 3.0613396168 -1.5845513344 0.7026567459 0.0000000858 -0.0000000827
  -0.2382607609 2.7559716702 -2.3544280529 0.7026569247 0.0000000006 0.0000000018
  1.0572160482 4.7043542862 -2.9371657372 0.7092319131 -0.0044223773 0.7049473524
  1.2809875011 5.7542047501 -3.5242049694 0.7070877552 -0.0007141238 0.7070783973
  0.2126712352 3.6140205860 -3.4697833061 0.0475016274 -0.9764881134 0.2102695256
  -0.4375564754 4.7778511047 -0.6945172548 -0.9713230729 -0.0266984627 -0.0000463361
  0.5144505501 2.7979638577 -1.8929364681 0.7026568055 -0.0000000846 0.0000000843
  0.2695112526 2.8185000420 -2.1075568199 0.7026569247 0.0000000006 0.0000000018
  -0.0564329401 4.7317595482 -3.0666823387 -0.9141836762 0.0278195441 -0.0025470797
  -0.2844718397 -3.6121811867 -2.5451612473 0.1939393729 -0.0250439886 -0.0047904807
  -0.1530438513 -2.1590754986 -3.9306764603 0.1633198261 0.0130297951 0.0313144512
  -0.6957110763 4.2124824524 -2.0494182110 0.5440660119 -0.6488702297 0.3898285031
  -4.5410413742 2.1690952778 0.0396727286 -0.0000171061 -0.0713136122 0.0003763875
  -4.5017652512 2.1719832420 -0.6069070697 0.0854405388 -0.0416334383 -0.2897474468
  -0.3613647819 4.6674966812 -3.0905613899 0.7544058561 -0.1096226722 0.6403647065
  -2.5979163647 -3.3388719559 0.2013775408 0.0001674572 -0.7962616682 -0.0001363489
  0.4391397536 4.1801276207 -2.0458090305 0.4545273483 0.7732342482 -0.2749347985
  3.7879796028 3.4811100960 0.3163394928 -0.0001898053 0.7867273688 -0.0006795891
  -0.5922027230 3.4828426838 -3.7584145069 0.2492844611 -0.0776164681 -0.0159460343
  0.2876622081 4.6580796242 -3.0686035156 0.6813019514 -0.0099960817 -0.7311095595
  1.5077180862 -3.8533194065 0.2137947232 0.0352674127 0.0298530888 0.4194141328
}

frame 22 {
  0.0716566965 -1.8959983587 0.6442207098 -0.7501133680 -0.0109797129 -0.0021753735
  -0.7490537167 3.6331837177 -2.5247192383 -0.1687746346 0.7539461255 0.1720875353
  -2.7503669262 5.0431041718 0.4273431897 -0.0006709208 0.0000413731 -0.0000001601
  -1.2670078278 4.4933347702 -2.4617590904 0.7049607038 0.0525357984 -0.7046582699
  -1.7010210752 5.0947237015 -3.4173793793 0.7070877552 0.0007141188 -0.7070783973
  -0.4581731558 3.5833914280 -2.4371988773 -0.0008082078 0.8528502584 -0.5200501084
  0.2328298241 2.7505822182 -3.9851944447 -0.9713230133 0.0266985949 0.0000470866
  -0.6480723619 3.2107696533 -0.8561415076 0.7026567459 0.0000000860 -0.0000000831
  -0.3124901056 2.9035351276 -1.6253839731 0.7026569247 0.0000000009 0.0000000005
  1.0096616745 4.7463922501 -2.2116544247 0.7092319131 -0.0044224011 0.7049473524
  1.3484172821 5.2472605705 -2.8207879066 0.7070877552 -0.0007141218 0.7070783973
  0.1726388335 3.6333174706 -2.4640922546 0.0420990027 -0.9542703629 0.2959610224
  -0.3500680923 4.2979192734 -2.2151803970 -0.9713230729 -0.0266984645 -0.0000463371
  0.4402210414 2.9455268383 -1.1638920307 0.7026569247 -0.0000000842 0.0000000841
  0.1952818483 2.9660634995 -1.3785126209 0.7026569247 0.0000000009 0.0000000005
  -0.0914899483 4.8595838547 -2.4356684685 -0.8593760729 0.0247965753 -0.0093275048
  -0.2388194799 -2.3222851753 -3.9315133095 0.1939393729 -0.0250439867 -0.0047904821
  -0.0371870808 -0.4401274621 -4.7178750038 0.1712743938 0.0115205524 0.0303415917
  -0.7653483152 4.6801304817 -1.3583321571 0.6241853833 -0.5588390827 0.4316844642
  -4.8437719345 0.3118273020 -0.1174364164 -0.0000171073 -0.0713135898 0.0003760259
  -4.7776784897 0.3144940138 -0.8053220510 0.0684777871 -0.0432558022 -0.2646177113
  -0.3936102986 4.7285432816 -2.3583409786 -0.7746844888 -0.0648463368 -0.6232989430
  0.3974159360 -4.0794644356 -0.1678702980 0.2816939056 -0.7418689728 -0.2293523699
  0.3634867072 4.6588521004 -1.3339385986 0.5897255540 0.6709731817 -0.3345484138
  4.7735123634 1.3165689707 -0.0501629412 -0.0001894183 0.7867273688 -0.0006782056
  -1.1837928295 1.3174997568 -4.6256484985 0.2369325459 -0.0781963170 -0.0137153082
  0.2555128634 4.7223730087 -2.3356699944 -0.6754441261 0.1139224693 0.7262218595
  -0.5537613034 -4.0473933220 0.4337629676 0.0383970402 0.0292514395 0.4566292465
}

frame 23 {
  0.0716566890 -1.9011040926 0.4354248047 -0.6972211599 -0.0033185452 0.0069739353
  -0.7646927238 3.6694989204 -1.7814253569 -0.1687746346 0.7539461255 0.1720875204
  -2.1224100590 5.4220952988 0.3005158305 -0.0006709156 0.0000413903 -0.0000001357
  -1.2826468945 4.5296497345 -1.7184653282 0.7049607038 0.0525358059 -0.7046582699
  -1.7285406590 4.1379137039 -2.6980845928 0.7070877552 0.0007141172 -0.7070783973
  -0.4745742083 3.6175799370 -1.6533980370 0.0014210152 0.8162826896 -0.5759484172
  0.3380379081 1.5077482462 -4.5950088501 -0.9713230133 0.0266985949 0.0000470876
  -0.6637113690 3.2470850945 -0.1128476486 0.7026567459 0.0000000856 -0.0000000839
  -0.5429491997 2.9379830360 -0.8814561367 0.7026569247 0.0000000007 -0.0000000001
  0.9802597761 4.6753144264 -1.4712592363 0.7092318535 -0.0044223932 0.7049474120
  1.4712615013 4.1977715492 -2.1020112038 0.7070877552 -0.0007141178 0.7070783973
  0.1530797780 3.6511251926 -1.6811350584 0.0422651656 -0.9395440817 0.3398017883
  -0.3192106187 3.6287598610 -3.1987304688 -0.9713231325 -0.0266984589 -0.0000463359
  0.2097621560 2.9799754620 -0.4199643433 0.7026569247 -0.0000000841 0.0000000838
  -0.0351772308 3.0005116463 -0.6345848441 0.7026569247 0.0000000007 -0.0000000001
  -0.1083942279 4.8519096375 -1.7271062136 -0.6444349885 0.0272556599 -0.0212455504
  -0.0736994222 1.4574863911 -4.7525916100 0.1939393580 -0.0250439867 -0.0047904784
  0.1683730781 3.3641109467 -4.0296764374 0.1792407781 0.0105298376 0.0245466996
  -0.8142637610 5.1535263062 -0.8856784105 0.7303228974 -0.4250607789 0.4897232950
  -3.9671280384 -2.2446186543 -0.6179205775 -0.0000170643 -0.0713136047 0.0003751692
  -3.8368411064 -2.2412731647 -1.1757771969 -0.0056189364 -0.0200097635 -0.1036051214
  -0.4090059698 4.7323045731 -1.6147253513 -0.6891752481 -0.0804396868 -0.7075050473
  1.5864562988 -3.8134169579 -0.4096015692 0.3316442370 -0.7197695971 -0.2700214088
  0.3201752901 5.1432538033 -0.8422192335 0.7736561298 0.4939383864 -0.3598757386
  4.2161192894 -1.8655741215 -0.5101640821 -0.0001891204 0.7867274284 -0.0006771723
  -1.4997118711 -1.8636176586 -3.9706957340 -0.0222751778 -0.1918494701 0.0632693842
  0.2399163991 4.7316036224 -1.5881533623 -0.7346429825 0.1490684003 0.6591842175
  -1.5760786533 -3.7984576225 0.5804051757 0.0399998873 0.0289182086 0.4756912291
}

frame 24 {
  0.0533346087 -1.8719196320 0.2599332333 -0.6972211599 -0.0033185452 0.0069739353
  -0.7976766229 4.3818998337 -0.4928424954 0.4244495332 0.4067893326 -0.2149857581
  3.3182871342 3.6123168468 2.4590909481 -0.0006709054 0.0000413992 -0.0000001423
  -1.2826468945 4.5296492577 -1.7184654474 0.7049607038 0.0525358059 -0.7046582699
  -1.7529942989 3.6087872982 -2.4701514244 0.7070877552 0.0007141172 -0.7070783973
  -0.4729507565 3.6104109287 -1.6369880438 -0.0168107376 0.6607066393 -0.7496126890
  0.2304430306 -0.7305562496 -4.7869482040 -0.9713230133 0.0266985968 0.0000470847
  -1.2910412550 5.3245873451 1.3543970585 0.7026567459 0.0000000856 -0.0000000839
  -0.9150215387 5.0192198753 0.5845207572 0.7026569247 0.0000000007 -0.0000000001
  1.0077850819 4.8900990486 -1.4654620886 0.7092318535 -0.0044223932 0.7049474120
  1.6988722086 3.7773053646 -2.1370191574 0.7088052630 0.0202758349 0.6874585748
  0.1514563560 3.6582934856 -1.6975450516 -0.0709494427 0.8343328238 -0.5466170311
  -0.4492833316 1.7875415087 -4.4838051796 -0.9713230729 -0.0266984608 -0.0000463366
  -0.1623103321 5.0612120628 1.0460124016 0.7026569247 -0.0000000841 0.0000000838
  -0.4072495401 5.0817480087 0.8313921690 0.7026569247 0.0000000007 -0.0000000001
  -0.0586778149 4.6875548363 -1.5078037977 -0.2028463632 0.1054330021 -0.0204365272
  -0.0543652922 5.0050020218 -1.7999123335 0.1939393431 -0.0250439756 -0.0047904826
  0.0360302441 5.5217833519 0.0483729020 0.0433754921 0.0161665529 -0.0117489966
  -0.6748335958 5.6994447708 -1.4551900625 -0.6203907728 0.2277925760 -0.7417451739
  -0.4035718143 -3.7385869026 -2.3679258823 -0.0000171413 -0.0713136047 0.0003769132
  -0.0594405904 -3.7325332165 -2.4008836746 0.0765473619 -0.2191421837 -0.1460999548
  -0.4087212682 4.7486948967 -1.6432763338 -0.6163809299 -0.0746080130 -0.7704084516
  1.6657844782 -3.7903864384 -0.3455544412 0.2974804342 -0.7353430986 -0.2422056645
  0.4364456236 5.6628484726 -1.2256993055 -0.7530995011 -0.3214069903 0.5682591796
  1.7651256323 -3.3810327053 -2.3532326221 -0.0001889461 0.7867273688 -0.0006766299
  -2.7076444626 -3.3747627735 -1.1496673822 0.0928008556 -0.2361095995 0.0725334659
  0.2403056771 4.7392783165 -1.6213186979 -0.7787716389 0.1672101915 0.6021552682
  -1.7187299728 -3.7444710732 0.5957911611 0.0400847644 0.0289001446 0.4766954780
}

frame 25 {
  0.0533346087 -1.8310735226 0.1578179598 -0.6972211599 -0.0033185452 0.0069739353
  -0.8083311319 5.0506920815 -0.6683699489 0.6470759511 0.3235364258 -0.3305243552
  3.9253087044 0.6674798727 2.8157510757 -0.0006709184 0.0000413986 -0.0000001495
  -1.7901985645 5.0224514008 -1.7020981312 0.7049607038 0.0525358059 -0.7046582699
  -2.3918008804 3.9975824356 -2.4559578896 0.7070877552 0.0007141172 -0.7070783973
  -0.4700503051 3.4965615273 -1.5640163422 -0.0157717019 0.6426028013 -0.7652077079
  0.2454694808 -0.9582692981 -4.7458567619 -0.9713230133 0.0266985949 0.0000470852
  -0.8769052625 5.6314830780 1.3654490709 0.7026567459 0.0000000856 -0.0000000839
  -0.5008854866 5.3261156082 0.5955727696 0.7026569247 0.0000000007 -0.0000000001
  1.3501309156 5.2427682877 -1.4525929689 0.7092318535 -0.0044223932 0.7049474120
  2.3422753811 4.4809074402 -2.1210007668 0.7088052630 0.0202758349 0.6874585748
  0.2155064940 3.4842662811 -1.6516281366 -0.0638943538 0.6267500520 -0.7761995196
  -0.1142827123 -1.1548507214 -4.7069025040 -0.9713231325 -0.0266984627 -0.0000463351
  0.2518255413 5.3681077957 1.0570646524 0.7026569247 -0.0000000841 0.0000000838
  0.0068864571 5.3886437416 0.8424436450 0.7026569247 0.0000000007 -0.0000000001
  -0.0599607415 4.7130537033 -1.6909716129 -0.2396189123 0.1056305096 -0.0161256697
  -0.1346368343 4.8580055237 -2.1274769306 0.2811976671 -0.0336497873 -0.0162255205
  0.0755402595 5.4892086983 0.5591726899 -0.1067233756 0.0001473322 -0.0016927288
  -0.6628438234 5.5487565994 -1.5411502123 -0.5528515577 0.4075886607 -0.6357060671
  0.1295894086 -1.5147471428 -4.4200043678 -0.0000171222 -0.0713135898 0.0003762699
  0.7585652471 -1.5082522631 -4.3564352989 -0.1438543350 -0.1030543074 -0.2524966300
  -0.4087212682 4.7486953735 -1.6432763338 -0.6881567240 -0.0061230026 -0.7244589925
  0.4558404982 -4.0688843727 -0.2835184038 0.0001673932 -0.7962616682 -0.0001363050
  0.4359285533 5.5899553299 -1.5443973541 -0.6287320852 -0.3958237767 0.5306709409
  0.1720394641 -1.2950179577 -4.5109429359 -0.0001889541 0.7867274284 -0.0006765142
  -4.4233298302 -1.2851521969 0.9082547426 0.2815674245 -0.1446425617 0.1363097131
  0.2403057218 4.7392783165 -1.6213186979 0.7416396141 0.0007082439 -0.6706184149
  -0.0348425768 -4.0958175659 0.1633737236 0.0000170946 0.0329101346 0.0002032993
}

